Day	peri_infected_0_0	plac_infected_0_0	peri_infected_1_2	plac_infected_1_2	peri_infected_3_max	plac_infected_3_max	peri_infected_all	plac_infected_all	
0	0.571928	0	0.515378	0	0.438347	0	0.490216	0	
1	0.57162	0	0.515761	0	0.438264	0	0.490255	0	
2	0.571928	0	0.515378	0	0.439339	0	0.490676	0	
3	0.571311	0	0.515105	0	0.439959	0	0.490752	0	
4	0.571003	0	0.514777	0	0.439793	0	0.490504	0	
5	0.571311	0	0.514504	0	0.439876	0	0.490504	0	
6	0.570797	0	0.51445	0	0.440413	0	0.490638	0	
7	0.571414	0	0.513357	0	0.439959	0	0.490159	0	
8	0.571311	0	0.512647	0	0.439669	0	0.489757	0	
9	0.571003	0	0.512046	0	0.439959	0	0.489623	0	
10	0.570694	0	0.511882	0	0.440041	0	0.489546	0	
11	0.570488	0	0.512374	0	0.440248	0	0.489776	0	
12	0.569769	0	0.512647	0	0.440165	0	0.489699	0	
13	0.569666	0	0.512647	0	0.439669	0	0.489451	0	
14	0.569974	0	0.512428	0	0.439793	0	0.489489	0	
15	0.570694	0	0.512374	0	0.44	0	0.489699	0	
16	0.570591	0	0.512101	0	0.440372	0	0.489757	0	
17	0.570386	0	0.512865	0	0.439959	0	0.489795	0	
18	0.570488	0	0.511991	0	0.440455	0	0.489738	0	
19	0.570591	0	0.511663	0	0.44062	0	0.489719	0	
20	0.570386	0	0.511554	0	0.44	0	0.489355	0	
21	0.569871	0	0.512483	0	0.439421	0	0.489316	0	
22	0.569049	0	0.512592	0	0.439174	0	0.489087	0	
23	0.569254	0	0.512865	0	0.439132	0	0.489202	0	
24	0.569974	0	0.512428	0	0.439463	0	0.489336	0	
25	0.569254	0	0.511991	0	0.438967	0	0.488819	0	
26	0.568226	0	0.51139	0	0.439339	0	0.488589	0	
27	0.568432	0	0.511008	0	0.438843	0	0.488263	0	
28	0.567815	0	0.511554	0	0.438967	0	0.488397	0	
29	0.567609	0	0.512046	0	0.438884	0	0.488493	0	
30	0.568226	0	0.511773	0	0.438843	0	0.488493	0	
31	0.568535	0	0.511609	0	0.438967	0	0.488551	0	
32	0.567301	0	0.511226	0	0.438471	0	0.487957	0	
33	0.567095	0	0.510899	0	0.438182	0	0.48767	0	
34	0.567301	0	0.511281	0	0.438471	0	0.487976	0	
35	0.566787	0	0.511226	0	0.438512	0	0.487881	0	
36	0.567712	0	0.511117	0	0.438306	0	0.487919	0	
37	0.568329	0	0.511063	0	0.438471	0	0.488091	0	
38	0.568021	0	0.511226	0	0.437893	0	0.487823	0	
39	0.569152	0	0.511336	0	0.43781	0	0.488034	0	
40	0.570077	0	0.511117	0	0.43781	0	0.488129	0	
41	0.57018	0	0.511172	0	0.43843	0	0.488455	0	
42	0.569871	0	0.512101	0	0.438595	0	0.4888	0	
43	0.569563	0	0.512975	0	0.437975	0	0.488761	0	
44	0.569152	0	0.51292	0	0.437686	0	0.488531	0	
45	0.56946	0	0.513193	0	0.438264	0	0.488953	0	
46	0.570077	0	0.513029	0	0.43876	0	0.48924	0	
47	0.570694	0	0.513576	0	0.438182	0	0.489278	0	
48	0.569666	0	0.514067	0	0.438347	0	0.489336	0	
49	0.570694	0	0.514286	0	0.438636	0	0.489738	0	
50	0.571208	0	0.514996	0	0.438264	0	0.48991	0	
51	0.571414	0	0.514559	0	0.438802	0	0.490044	0	
52	0.57162	0	0.514832	0	0.438843	0	0.490197	0	
53	0.571105	0	0.513958	0	0.438636	0	0.489699	0	
54	0.570797	0	0.514122	0	0.438843	0	0.489795	0	
55	0.571105	0	0.513739	0	0.439256	0	0.48991	0	
56	0.571105	0	0.514013	0	0.439752	0	0.490235	0	
57	0.571311	0	0.51363	0	0.440248	0	0.49037	0	
58	0.572237	0	0.513685	0	0.440537	0	0.490695	0	
59	0.571414	0	0.512865	0	0.440041	0	0.490025	0	
60	0.570591	0	0.512428	0	0.439174	0	0.489316	0	
61	0.570694	0	0.512374	0	0.439463	0	0.489451	0	
62	0.571208	0	0.512101	0	0.439174	0	0.489316	0	
63	0.571208	0	0.512428	0	0.439752	0	0.489699	0	
64	0.571208	0	0.512538	0	0.439587	0	0.489661	0	
65	0.570283	0	0.512264	0	0.438884	0	0.489068	0	
66	0.570591	0	0.512483	0	0.439421	0	0.489451	0	
67	0.569666	0	0.512046	0	0.439174	0	0.48901	0	
68	0.569357	0	0.512538	0	0.438719	0	0.488914	0	
69	0.569871	0	0.512538	0	0.438306	0	0.488819	0	
70	0.569563	0	0.513193	0	0.438099	0	0.488895	0	
71	0.570077	0	0.512483	0	0.437893	0	0.488646	0	
72	0.569871	0	0.512483	0	0.438636	0	0.488953	0	
73	0.569666	0	0.513193	0	0.439091	0	0.489374	0	
74	0.569871	0	0.513248	0	0.439711	0	0.489719	0	
75	0.569563	0	0.513521	0	0.440083	0	0.489929	0	
76	0.56874	0	0.513193	0	0.439752	0	0.489508	0	
77	0.56946	0	0.51292	0	0.439628	0	0.489489	0	
78	0.570694	0	0.512701	0	0.439421	0	0.489546	0	
79	0.569871	0	0.513357	0	0.439215	0	0.489527	0	
80	0.568843	0	0.513794	0	0.439504	0	0.489623	0	
81	0.56874	0	0.513958	0	0.439545	0	0.48968	0	
82	0.568123	0	0.513193	0	0.439959	0	0.489489	0	
83	0.569049	0	0.512701	0	0.440165	0	0.489585	0	
84	0.569049	0	0.512701	0	0.440083	0	0.489546	0	
85	0.569254	0	0.512374	0	0.440413	0	0.489623	0	
86	0.570488	0	0.512374	0	0.440124	0	0.489719	0	
87	0.570488	0	0.512155	0	0.440331	0	0.489738	0	
88	0.570591	0	0.511773	0	0.440248	0	0.489585	0	
89	0.57018	0	0.511609	0	0.439876	0	0.489278	0	
90	0.569563	0	0.511554	0	0.439545	0	0.488991	0	
91	0.572853	0.558972	0.514723	0.443868	0.441157	0.326157	0.491461	0.41076	
92	0.574704	0.560206	0.516362	0.444414	0.442562	0.326074	0.493031	0.411143	
93	0.577378	0.562879	0.517782	0.444633	0.443595	0.325041	0.494505	0.411239	
94	0.578406	0.563599	0.518765	0.444797	0.444669	0.32405	0.495539	0.410971	
95	0.580257	0.564524	0.519803	0.444032	0.445455	0.322231	0.496611	0.410033	
96	0.582005	0.564833	0.521114	0.444086	0.446116	0.320331	0.497702	0.409228	
97	0.583548	0.56545	0.522589	0.44354	0.447066	0.317273	0.498947	0.407735	
98	0.585501	0.566375	0.523955	0.442666	0.447686	0.314752	0.500077	0.406433	
99	0.587147	0.566992	0.524993	0.441792	0.44843	0.312893	0.501091	0.40538	
100	0.588483	0.568946	0.526468	0.440809	0.448926	0.310496	0.502087	0.404289	
101	0.58982	0.569049	0.527779	0.439716	0.449628	0.308554	0.503121	0.403025	
102	0.59126	0.570077	0.529364	0.438623	0.450083	0.305083	0.504155	0.401225	
103	0.591979	0.569974	0.530074	0.437804	0.450992	0.302562	0.504959	0.399751	
104	0.593316	0.57018	0.53133	0.436493	0.452066	0.300248	0.506146	0.398258	
105	0.594447	0.570797	0.532477	0.435182	0.452851	0.29781	0.507122	0.396783	
106	0.596093	0.571414	0.533461	0.434034	0.45376	0.295083	0.508195	0.395233	
107	0.598149	0.572031	0.534335	0.432723	0.455124	0.292562	0.509516	0.39372	
108	0.599794	0.571722	0.535264	0.431685	0.455992	0.289711	0.510549	0.391978	
109	0.600823	0.571722	0.536356	0.429773	0.456612	0.28719	0.511411	0.39014	
110	0.602365	0.571003	0.537503	0.428244	0.457149	0.284215	0.512349	0.388091	
111	0.604319	0.5709	0.538705	0.427042	0.457521	0.282314	0.513307	0.38677	
112	0.605347	0.57018	0.540126	0.425676	0.458182	0.280083	0.514302	0.385123	
113	0.606889	0.57018	0.54018	0.4236	0.45876	0.277521	0.514877	0.383209	
114	0.608123	0.57162	0.540781	0.422016	0.459132	0.275165	0.515489	0.38183	
115	0.609871	0.572031	0.541164	0.419612	0.459711	0.27281	0.516217	0.379973	
116	0.611311	0.572031	0.542092	0.418301	0.459959	0.270331	0.516925	0.378365	
117	0.612751	0.572751	0.542529	0.416389	0.459917	0.267521	0.517327	0.376527	
118	0.614087	0.573162	0.543677	0.414805	0.460579	0.264339	0.518285	0.374574	
119	0.615013	0.573162	0.54466	0.412893	0.460826	0.261612	0.518916	0.37264	
120	0.615835	0.572648	0.545042	0.410216	0.46095	0.259091	0.519261	0.370438	
121	0.617686	0.571517	0.545589	0.40743	0.461074	0.256281	0.519854	0.367949	
122	0.618406	0.57162	0.546299	0.405081	0.460744	0.253306	0.520084	0.365767	
123	0.619743	0.57162	0.546572	0.403496	0.461074	0.251446	0.520582	0.36435	
124	0.620154	0.571003	0.54679	0.401475	0.461364	0.249215	0.520869	0.362493	
125	0.621183	0.570694	0.546845	0.399891	0.461818	0.247149	0.52129	0.360923	
126	0.622314	0.56946	0.547009	0.398033	0.461942	0.244917	0.521616	0.359008	
127	0.624267	0.569254	0.54761	0.394318	0.462231	0.242686	0.522324	0.356634	
128	0.624884	0.57018	0.547883	0.392461	0.462149	0.240992	0.522497	0.35537	
129	0.626015	0.568946	0.548593	0.390822	0.462314	0.239256	0.523033	0.353762	
130	0.627249	0.569049	0.54985	0.389074	0.462686	0.237314	0.523875	0.352269	
131	0.627866	0.567301	0.550505	0.387107	0.462727	0.235496	0.524239	0.350412	
132	0.6291	0.566272	0.550505	0.38525	0.462479	0.233264	0.524354	0.348535	
133	0.62982	0.564833	0.551106	0.382901	0.462397	0.230579	0.52466	0.3462	
134	0.630334	0.564216	0.551434	0.381207	0.462355	0.228347	0.524852	0.344457	
135	0.631157	0.563805	0.552417	0.380115	0.462397	0.226612	0.525369	0.343194	
136	0.632082	0.562879	0.552363	0.378476	0.462273	0.224463	0.525464	0.341451	
137	0.632596	0.562262	0.552581	0.376236	0.462025	0.22219	0.525522	0.339498	
138	0.633419	0.560925	0.553073	0.375471	0.462025	0.220496	0.525847	0.338196	
139	0.634447	0.560411	0.55351	0.37416	0.462025	0.217273	0.526192	0.336148	
140	0.635064	0.559692	0.554166	0.371647	0.462231	0.215496	0.526632	0.33431	
141	0.635681	0.559177	0.554603	0.370281	0.462438	0.213471	0.526996	0.332797	
142	0.636915	0.557635	0.554657	0.367878	0.462397	0.21157	0.527226	0.330787	
143	0.637943	0.556195	0.554766	0.365474	0.462355	0.209628	0.527436	0.328777	
144	0.638869	0.555784	0.555367	0.36389	0.462686	0.207893	0.527972	0.327341	
145	0.639589	0.554344	0.555313	0.361541	0.46281	0.205702	0.528145	0.325235	
146	0.64072	0.553933	0.555313	0.360339	0.462686	0.204752	0.528298	0.324296	
147	0.64144	0.552288	0.555313	0.358645	0.462645	0.203636	0.528413	0.32288	
148	0.642365	0.550746	0.555477	0.357334	0.462934	0.201818	0.528777	0.32129	
149	0.643907	0.55054	0.555586	0.355641	0.46281	0.199752	0.529045	0.319701	
150	0.644319	0.549717	0.555313	0.354657	0.462273	0.198967	0.528777	0.31884	
151	0.644936	0.548689	0.55493	0.352363	0.462231	0.197686	0.528738	0.317251	
152	0.64545	0.548792	0.554548	0.351543	0.462397	0.196901	0.528777	0.316619	
153	0.645553	0.547866	0.554493	0.34985	0.462769	0.196074	0.528949	0.31547	
154	0.646375	0.547352	0.554384	0.347282	0.462438	0.195331	0.528911	0.31413	
155	0.646478	0.546838	0.55504	0.345097	0.462107	0.194298	0.529006	0.31279	
156	0.646992	0.545604	0.555203	0.344332	0.461901	0.192975	0.529064	0.311679	
157	0.647815	0.544987	0.556132	0.34242	0.46186	0.190826	0.529523	0.309899	
158	0.0596401	0.0497686	0.170992	0.0965856	0.243595	0.0958678	0.183898	0.0875359	
159	0.0610797	0.0497686	0.172303	0.0963671	0.244504	0.0952893	0.185047	0.0871913	
160	0.0627249	0.0494602	0.17345	0.0957662	0.245	0.0945041	0.185985	0.0865594	
161	0.0646787	0.0493573	0.174761	0.0956569	0.245744	0.093595	0.187153	0.0860808	
162	0.0660154	0.0494602	0.175854	0.0951653	0.246157	0.0929339	0.187976	0.0856213	
163	0.067455	0.0492545	0.176946	0.0947282	0.246818	0.0919835	0.188934	0.0849895	
164	0.0692031	0.0491517	0.177602	0.0947828	0.246901	0.0919421	0.189527	0.0849703	
165	0.0708483	0.0510026	0.17853	0.0949467	0.247603	0.0915289	0.190484	0.0851809	
166	0.0720823	0.0518252	0.179678	0.0957116	0.248264	0.0918182	0.191423	0.0857362	
167	0.0736247	0.0533676	0.180989	0.0966403	0.248636	0.0915289	0.192342	0.0862148	
168	0.0747558	0.05491	0.181863	0.0976236	0.249132	0.0919008	0.193088	0.087019	
169	0.0757841	0.056144	0.182518	0.0982792	0.250083	0.0918182	0.19395	0.0874402	
170	0.0775321	0.0575835	0.183229	0.0991532	0.250579	0.0913223	0.194754	0.0877848	
171	0.0791774	0.059126	0.183666	0.0995903	0.251198	0.0902893	0.195501	0.0877465	
172	0.0810283	0.0606684	0.184704	0.0998634	0.251074	0.09	0.196152	0.0879954	
173	0.0821594	0.0620051	0.185578	0.0996995	0.252314	0.0898347	0.197243	0.0881103	
174	0.0833933	0.0635476	0.186452	0.100137	0.253264	0.0896281	0.198219	0.0884549	
175	0.0843188	0.0645758	0.187599	0.0999727	0.253884	0.0892975	0.199081	0.0884358	
176	0.086581	0.0657069	0.188418	0.100355	0.254421	0.0897934	0.200038	0.0890101	
177	0.0881234	0.0670437	0.189402	0.101284	0.254876	0.0891736	0.200881	0.0892973	
178	0.089563	0.0684833	0.189456	0.101502	0.25562	0.0895041	0.201513	0.0897951	
179	0.0908997	0.0699229	0.190549	0.101885	0.256694	0.0892149	0.202642	0.0900632	
180	0.0920308	0.0715681	0.191423	0.10254	0.257769	0.0899587	0.203657	0.0909439	
181	0.0934704	0.0724936	0.192789	0.102977	0.25843	0.0898347	0.20471	0.0912119	
182	0.09491	0.0733162	0.193827	0.103906	0.259339	0.0895455	0.205763	0.0915566	
183	0.0966581	0.0750643	0.194701	0.104398	0.259669	0.0891736	0.206548	0.0918821	
184	0.099126	0.0767095	0.195957	0.104835	0.260248	0.0889669	0.207716	0.0922458	
185	0.101491	0.0782519	0.197378	0.10478	0.261074	0.0892562	0.209037	0.0926479	
186	0.104165	0.0794859	0.198962	0.105381	0.261612	0.0894215	0.210339	0.0931648	
187	0.106941	0.080617	0.200874	0.106091	0.26314	0.0894215	0.212234	0.0936244	
188	0.110129	0.0820566	0.203496	0.106965	0.263802	0.0896694	0.214053	0.0943136	
189	0.113008	0.083599	0.205354	0.107512	0.265083	0.0897521	0.215834	0.0948306	
190	0.116812	0.085347	0.207266	0.107839	0.265868	0.09	0.217576	0.0953858	
191	0.120206	0.0875064	0.208905	0.108768	0.26686	0.0899587	0.219242	0.0960942	
192	0.123188	0.0893573	0.211527	0.109369	0.267893	0.0903306	0.221195	0.0968217	
193	0.126992	0.0915167	0.213876	0.110516	0.269174	0.090124	0.22332	0.0975302	
194	0.131105	0.0938817	0.21546	0.111827	0.270413	0.0907438	0.225215	0.0987172	
195	0.134499	0.0970694	0.2177	0.113794	0.271116	0.0904959	0.226958	0.0998851	
196	0.138201	0.0992288	0.220377	0.115542	0.27219	0.0911983	0.229083	0.101225	
197	0.140257	0.102828	0.22147	0.116416	0.273058	0.0912397	0.230251	0.102221	
198	0.144267	0.10653	0.223382	0.117837	0.273884	0.0917355	0.232051	0.103638	
199	0.147147	0.109409	0.226004	0.119093	0.274752	0.0915289	0.233908	0.104518	
200	0.151157	0.112802	0.22808	0.121224	0.275661	0.0924793	0.235803	0.106337	
201	0.154859	0.116607	0.229446	0.122152	0.276777	0.0933471	0.237488	0.107773	
202	0.159075	0.12	0.231521	0.122972	0.27814	0.093843	0.239632	0.108922	
203	0.0751671	0.0565553	0.124502	0.065829	0.174628	0.0580579	0.138541	0.0605016	
204	0.0783548	0.0571722	0.126195	0.066266	0.176198	0.0583471	0.140456	0.0609037	
205	0.0814396	0.0586118	0.12838	0.0669762	0.177314	0.0583471	0.142313	0.0614206	
206	0.0842159	0.0594344	0.130347	0.0675772	0.17876	0.0579752	0.144189	0.0616121	
207	0.0874036	0.0611825	0.132368	0.0680688	0.180331	0.0580165	0.146219	0.062129	
208	0.0897686	0.0628278	0.134499	0.0689429	0.18186	0.058595	0.148114	0.0630098	
209	0.0933676	0.0648843	0.136465	0.0694892	0.183058	0.0586364	0.150029	0.0636033	
210	0.0966581	0.0670437	0.139142	0.071729	0.184463	0.0597107	0.152231	0.0652881	
211	0.100668	0.0702314	0.141819	0.0727124	0.186198	0.0607025	0.15472	0.0666858	
212	0.103136	0.0728021	0.144441	0.0741328	0.187893	0.0614876	0.156883	0.068026	
213	0.107455	0.0750643	0.146681	0.0753346	0.189628	0.0627273	0.159276	0.0694428	
214	0.110951	0.0782519	0.149795	0.0769735	0.191364	0.0636364	0.161823	0.071032	
215	0.113933	0.0802057	0.151816	0.0785578	0.192397	0.0645455	0.163565	0.0723722	
216	0.116607	0.083599	0.153892	0.0800874	0.193719	0.065	0.165403	0.0737507	
217	0.119486	0.0868895	0.155586	0.0820541	0.195124	0.0657438	0.167184	0.0753973	
218	0.122262	0.0905913	0.157662	0.0838022	0.19686	0.0668182	0.169232	0.077197	
219	0.124422	0.0927506	0.159792	0.0857143	0.198554	0.0674793	0.171166	0.0785755	
220	0.128329	0.0968638	0.161978	0.0875171	0.199711	0.0682231	0.173195	0.0803178	
221	0.13162	0.100051	0.164491	0.0899208	0.200661	0.0693388	0.175129	0.0822707	
222	0.13419	0.102622	0.166403	0.0914504	0.201405	0.0697107	0.176623	0.0834578	
223	0.137481	0.10509	0.168697	0.0926523	0.202727	0.0704132	0.178652	0.084664	
224	0.139949	0.107969	0.171101	0.0934717	0.203967	0.0711983	0.180528	0.085851	
225	0.142828	0.110334	0.173122	0.0950014	0.205579	0.0725207	0.18252	0.0874402	
226	0.14653	0.112391	0.17558	0.096531	0.20781	0.0734298	0.185104	0.0887804	
227	0.150334	0.116093	0.177711	0.0982792	0.209132	0.0736777	0.187172	0.0901972	
228	0.153316	0.118663	0.180224	0.10041	0.210661	0.0739256	0.189316	0.0915374	
229	0.15671	0.12072	0.182628	0.101885	0.21157	0.0739256	0.191212	0.0924373	
230	0.160411	0.123805	0.184594	0.103414	0.213388	0.075	0.193433	0.0940456	
231	0.163702	0.126375	0.187053	0.105163	0.214256	0.0758264	0.195309	0.0955198	
232	0.166478	0.129152	0.188856	0.106747	0.215661	0.0765289	0.197109	0.0969175	
233	0.169152	0.132442	0.19115	0.108167	0.217521	0.0772314	0.199272	0.0983534	
234	0.173265	0.136041	0.193226	0.109697	0.219628	0.0778099	0.201742	0.0998277	
235	0.176761	0.138817	0.195793	0.111445	0.221157	0.0783471	0.204002	0.101206	
236	0.180771	0.141697	0.198197	0.113357	0.222769	0.0786777	0.206337	0.102566	
237	0.183445	0.14509	0.201202	0.114176	0.223802	0.0795868	0.208367	0.103906	
238	0.187249	0.147455	0.203114	0.115706	0.225124	0.0796694	0.210358	0.104921	
239	0.190848	0.149717	0.204971	0.116744	0.226777	0.0802479	0.212445	0.105974	
240	0.193419	0.152185	0.206993	0.11811	0.228347	0.0809091	0.21436	0.107218	
241	0.196812	0.155784	0.209232	0.118984	0.229463	0.0816529	0.216293	0.108539	
242	0.200411	0.158869	0.211636	0.120623	0.231157	0.0821901	0.218591	0.109937	
243	0.203496	0.162365	0.214149	0.121715	0.232934	0.0831405	0.220869	0.111411	
244	0.206992	0.165141	0.216334	0.123682	0.234504	0.0832231	0.223014	0.112656	
245	0.209254	0.168843	0.218465	0.12472	0.235413	0.0837603	0.224603	0.113957	
246	0.212134	0.17162	0.220104	0.126086	0.236405	0.0842149	0.226173	0.115164	
247	0.215116	0.173676	0.221907	0.126687	0.237727	0.0845455	0.227972	0.11591	
248	0.218612	0.177069	0.223218	0.127943	0.238967	0.0844215	0.229657	0.116925	
249	0.221594	0.180566	0.225239	0.129309	0.240372	0.0849587	0.231572	0.118304	
250	0.226015	0.183445	0.227096	0.131166	0.24157	0.0854545	0.233601	0.11972	
251	0.228278	0.186118	0.228626	0.132751	0.243058	0.086157	0.235248	0.121099	
252	0.230746	0.187352	0.230429	0.133898	0.244091	0.0866116	0.236818	0.121941	
253	0.234961	0.18982	0.233433	0.134827	0.245496	0.0872727	0.239307	0.123033	
254	0.111877	0.0906941	0.125649	0.0699809	0.154008	0.0535537	0.136224	0.0662263	
255	0.11383	0.0920308	0.127506	0.0700355	0.155331	0.053843	0.137852	0.0666284	
256	0.116607	0.0932648	0.130128	0.0710735	0.156653	0.0541322	0.1399	0.0673559	
257	0.119692	0.0946015	0.132969	0.0715105	0.158058	0.0544628	0.142121	0.0679112	
258	0.122365	0.0952185	0.134827	0.0720022	0.159587	0.0545041	0.143979	0.0682175	
259	0.124936	0.0959383	0.13723	0.0725485	0.160661	0.0549174	0.145797	0.0687344	
260	0.127198	0.0969666	0.13947	0.0735865	0.162025	0.054876	0.147635	0.0692705	
261	0.130591	0.0993316	0.141601	0.0756078	0.163347	0.0553306	0.149627	0.0706299	
262	0.133059	0.100874	0.14395	0.0771374	0.164711	0.056405	0.151541	0.071951	
263	0.13635	0.103445	0.146135	0.0791041	0.166322	0.0572314	0.153666	0.0735018	
264	0.138098	0.106427	0.148211	0.0812893	0.16814	0.0579752	0.155562	0.0751675	
265	0.14108	0.108689	0.15056	0.0827643	0.169876	0.0588843	0.157745	0.0765269	
266	0.14437	0.110643	0.152363	0.0851134	0.171612	0.0592149	0.159793	0.0778671	
267	0.146632	0.112802	0.154603	0.0868615	0.173223	0.0592149	0.161746	0.0788819	
268	0.1491	0.115784	0.156132	0.0881726	0.174711	0.0597934	0.163431	0.0801647	
269	0.152082	0.118149	0.158372	0.089593	0.176157	0.0604132	0.165441	0.08139	
270	0.154344	0.120514	0.160612	0.0913958	0.178058	0.0615702	0.167528	0.0829983	
271	0.156504	0.121542	0.163289	0.0929254	0.179298	0.0627686	0.169443	0.0842811	
272	0.159692	0.124216	0.164654	0.0941273	0.180744	0.0638017	0.171185	0.0856787	
273	0.163188	0.127198	0.167058	0.0960393	0.182686	0.0650826	0.173578	0.0874976	
274	0.167095	0.129152	0.16979	0.0971319	0.183926	0.0655785	0.175838	0.0884741	
275	0.169974	0.131105	0.172248	0.0978967	0.186281	0.0666116	0.178327	0.0895845	
276	0.172339	0.13419	0.174379	0.0992625	0.188512	0.067314	0.180548	0.090963	
277	0.176658	0.136144	0.177274	0.100738	0.190537	0.0680165	0.183305	0.0921693	
278	0.179949	0.138098	0.17935	0.102213	0.192521	0.0689669	0.185564	0.0934903	
279	0.183033	0.141697	0.18159	0.103032	0.194215	0.0695868	0.187708	0.0947348	
