Day	peri_infected_0_0	plac_infected_0_0	peri_infected_1_2	plac_infected_1_2	peri_infected_3_max	plac_infected_3_max	peri_infected_all	plac_infected_all	
0	0.129002	0	0.128939	0	0.113033	0	0.121611	0	
1	0.129209	0	0.129103	0	0.112783	0	0.121592	0	
2	0.129002	0	0.128665	0	0.112908	0	0.121457	0	
3	0.128899	0	0.128281	0	0.112824	0	0.121264	0	
4	0.128899	0	0.128555	0	0.113159	0	0.121515	0	
5	0.128899	0	0.127897	0	0.113368	0	0.12138	0	
6	0.128589	0	0.128226	0	0.1132	0	0.121361	0	
7	0.127969	0	0.128774	0	0.11295	0	0.121322	0	
8	0.127763	0	0.12861	0	0.113117	0	0.121303	0	
9	0.127866	0	0.128171	0	0.1132	0	0.121206	0	
10	0.127556	0	0.128226	0	0.113117	0	0.121129	0	
11	0.127763	0	0.128939	0	0.113326	0	0.121515	0	
12	0.127763	0	0.129322	0	0.113409	0	0.121688	0	
13	0.128279	0	0.128939	0	0.113702	0	0.121785	0	
14	0.128176	0	0.129213	0	0.113493	0	0.121765	0	
15	0.128176	0	0.128993	0	0.113451	0	0.121669	0	
16	0.128176	0	0.128445	0	0.113284	0	0.121399	0	
17	0.128279	0	0.128555	0	0.113033	0	0.121341	0	
18	0.128073	0	0.128336	0	0.113117	0	0.121264	0	
19	0.128073	0	0.12861	0	0.113159	0	0.12138	0	
20	0.128073	0	0.128719	0	0.113117	0	0.121399	0	
21	0.128279	0	0.128336	0	0.11295	0	0.121226	0	
22	0.129002	0	0.128336	0	0.113242	0	0.121496	0	
23	0.128692	0	0.127897	0	0.1132	0	0.121264	0	
24	0.128279	0	0.127843	0	0.113284	0	0.121206	0	
25	0.128383	0	0.127404	0	0.113159	0	0.121013	0	
26	0.128486	0	0.12713	0	0.113242	0	0.120975	0	
27	0.128383	0	0.126911	0	0.113368	0	0.120936	0	
28	0.127969	0	0.126747	0	0.113618	0	0.120917	0	
29	0.128073	0	0.126637	0	0.113368	0	0.120782	0	
30	0.127556	0	0.126527	0	0.113326	0	0.120628	0	
31	0.127556	0	0.126582	0	0.113493	0	0.120724	0	
32	0.127556	0	0.126034	0	0.113284	0	0.120435	0	
33	0.127453	0	0.126034	0	0.113284	0	0.120416	0	
34	0.127246	0	0.126089	0	0.113284	0	0.120396	0	
35	0.127556	0	0.126089	0	0.113075	0	0.120358	0	
36	0.12766	0	0.126089	0	0.1132	0	0.120435	0	
37	0.12735	0	0.126363	0	0.112992	0	0.120377	0	
38	0.127763	0	0.126089	0	0.112824	0	0.120281	0	
39	0.12735	0	0.126253	0	0.112699	0	0.120204	0	
40	0.127143	0	0.12598	0	0.112657	0	0.120049	0	
41	0.12704	0	0.125651	0	0.112783	0	0.119972	0	
42	0.12735	0	0.125541	0	0.112699	0	0.119953	0	
43	0.127556	0	0.125486	0	0.112908	0	0.120069	0	
44	0.127246	0	0.125706	0	0.112908	0	0.120088	0	
45	0.12704	0	0.125596	0	0.112824	0	0.119972	0	
46	0.12704	0	0.12587	0	0.112908	0	0.120107	0	
47	0.126627	0	0.125815	0	0.113033	0	0.120069	0	
48	0.126627	0	0.125322	0	0.113033	0	0.119895	0	
49	0.126523	0	0.124938	0	0.112992	0	0.119722	0	
50	0.126833	0	0.124336	0	0.113117	0	0.119625	0	
51	0.127143	0	0.124226	0	0.113075	0	0.119625	0	
52	0.127556	0	0.124336	0	0.112615	0	0.119529	0	
53	0.127246	0	0.123952	0	0.112615	0	0.119336	0	
54	0.127246	0	0.123842	0	0.11249	0	0.11924	0	
55	0.12735	0	0.123952	0	0.112281	0	0.119201	0	
56	0.127453	0	0.123514	0	0.112072	0	0.11897	0	
57	0.127246	0	0.123349	0	0.111989	0	0.118835	0	
58	0.12735	0	0.123459	0	0.111863	0	0.118835	0	
59	0.12704	0	0.12324	0	0.111821	0	0.11868	0	
60	0.12735	0	0.122966	0	0.112072	0	0.118757	0	
61	0.127556	0	0.122966	0	0.11178	0	0.118661	0	
62	0.12735	0	0.122966	0	0.111613	0	0.118545	0	
63	0.127453	0	0.12302	0	0.111445	0	0.118507	0	
64	0.127453	0	0.122746	0	0.111529	0	0.118449	0	
65	0.12735	0	0.122418	0	0.111571	0	0.118333	0	
66	0.127143	0	0.122527	0	0.111445	0	0.118275	0	
67	0.12704	0	0.122418	0	0.11132	0	0.11816	0	
68	0.12704	0	0.122198	0	0.110819	0	0.117851	0	
69	0.127143	0	0.122089	0	0.110944	0	0.11789	0	
70	0.12704	0	0.122308	0	0.11086	0	0.117909	0	
71	0.126627	0	0.122856	0	0.110819	0	0.118005	0	
72	0.126937	0	0.123075	0	0.11061	0	0.118044	0	
73	0.126317	0	0.12313	0	0.110693	0	0.117986	0	
74	0.126627	0	0.12324	0	0.110986	0	0.118218	0	
75	0.126317	0	0.122637	0	0.111195	0	0.118044	0	
76	0.1258	0	0.122253	0	0.111236	0	0.117832	0	
77	0.125594	0	0.122527	0	0.111278	0	0.117909	0	
78	0.124768	0	0.122527	0	0.111362	0	0.117793	0	
79	0.125077	0	0.122198	0	0.111195	0	0.117658	0	
80	0.124871	0	0.121815	0	0.111195	0	0.117485	0	
81	0.124561	0	0.12176	0	0.110902	0	0.117273	0	
82	0.125594	0	0.121815	0	0.110777	0	0.117427	0	
83	0.1258	0	0.121596	0	0.110484	0	0.117253	0	
84	0.125594	0	0.121596	0	0.110526	0	0.117234	0	
85	0.125697	0	0.121431	0	0.110401	0	0.117138	0	
86	0.125491	0	0.121596	0	0.110234	0	0.11708	0	
87	0.125387	0	0.121705	0	0.110443	0	0.117196	0	
88	0.125697	0	0.121541	0	0.110443	0	0.117196	0	
89	0.125181	0	0.121541	0	0.110443	0	0.117099	0	
90	0.124974	0	0.121322	0	0.110359	0	0.116945	0	
91	0.12704	0.123941	0.122801	0.1165	0.111236	0.100121	0.118256	0.110331	
92	0.12735	0.124251	0.12324	0.116828	0.111445	0.100372	0.118565	0.11062	
93	0.12766	0.124251	0.123568	0.117376	0.112114	0.100581	0.119047	0.11091	
94	0.128176	0.124354	0.124171	0.117869	0.11249	0.100873	0.119529	0.111238	
95	0.128589	0.124561	0.124664	0.118089	0.112908	0.10104	0.119972	0.11143	
96	0.129209	0.124664	0.125212	0.118308	0.113409	0.101291	0.120512	0.111642	
97	0.129519	0.124974	0.125651	0.118417	0.113869	0.101458	0.120936	0.111816	
98	0.129829	0.125387	0.126034	0.118527	0.114162	0.101542	0.121264	0.11197	
99	0.130138	0.125387	0.126418	0.118746	0.114538	0.101291	0.12163	0.111932	
100	0.130965	0.125387	0.126856	0.118965	0.115039	0.101626	0.12217	0.112163	
101	0.131894	0.125904	0.127185	0.119075	0.11529	0.101584	0.122575	0.112279	
102	0.132514	0.126007	0.127678	0.119294	0.115708	0.101542	0.123057	0.112356	
103	0.132721	0.126523	0.1285	0.119459	0.115917	0.101626	0.123482	0.112549	
104	0.133134	0.12673	0.128884	0.119513	0.116293	0.1015	0.123867	0.112549	
105	0.13396	0.126937	0.129103	0.119623	0.116627	0.101375	0.124253	0.112568	
106	0.13458	0.126937	0.129541	0.119678	0.117087	0.101166	0.124735	0.112491	
107	0.135199	0.127556	0.12987	0.119568	0.117546	0.100957	0.125178	0.112472	
108	0.135819	0.128279	0.130582	0.119459	0.117588	0.100163	0.125564	0.112202	
109	0.136232	0.129002	0.131185	0.119513	0.118131	0.0999122	0.126104	0.11224	
110	0.136749	0.129312	0.131624	0.120007	0.118507	0.0998705	0.126528	0.112452	
111	0.137058	0.129622	0.132007	0.120116	0.1188	0.0997451	0.126856	0.112491	
112	0.137472	0.129829	0.13261	0.120007	0.119009	0.099369	0.127242	0.112317	
113	0.137678	0.129932	0.132939	0.120061	0.119134	0.0992019	0.127454	0.112279	
114	0.138298	0.130242	0.133322	0.120226	0.119677	0.0991183	0.127955	0.112356	
115	0.138711	0.130758	0.133706	0.1205	0.119845	0.0986169	0.128244	0.112317	
116	0.139124	0.130965	0.134309	0.1205	0.120137	0.0983243	0.128668	0.112221	
117	0.139227	0.130965	0.134692	0.1205	0.120471	0.0983243	0.128977	0.112221	
118	0.139434	0.130655	0.134802	0.120226	0.120764	0.0983661	0.129189	0.112086	
119	0.140467	0.130861	0.135185	0.120061	0.121015	0.0981154	0.129632	0.111951	
120	0.140364	0.130552	0.135459	0.119842	0.121307	0.0978647	0.129845	0.1117	
121	0.140364	0.130655	0.135953	0.120007	0.121432	0.0974468	0.130076	0.111585	
122	0.14026	0.130242	0.136336	0.119733	0.1216	0.0972379	0.130269	0.111315	
123	0.140364	0.130035	0.13661	0.119733	0.121767	0.0968618	0.130462	0.111103	
124	0.140673	0.129932	0.136775	0.119678	0.122101	0.0963604	0.130732	0.110833	
125	0.141293	0.129519	0.137158	0.119349	0.122644	0.0959425	0.131233	0.110447	
126	0.141706	0.130138	0.137268	0.119349	0.12277	0.0956918	0.131406	0.110447	
127	0.141913	0.130035	0.137432	0.119185	0.122602	0.0950232	0.131426	0.110061	
128	0.142739	0.129519	0.137487	0.118965	0.122728	0.0942292	0.131657	0.109521	
129	0.142842	0.129622	0.13798	0.119239	0.12277	0.0937696	0.131869	0.109425	
130	0.143462	0.128899	0.138364	0.118911	0.12302	0.0935189	0.132236	0.109059	
131	0.143772	0.128383	0.138747	0.118965	0.123355	0.0934353	0.132583	0.108943	
132	0.143979	0.128176	0.139021	0.118527	0.123396	0.0933935	0.132737	0.108731	
133	0.144082	0.127866	0.139679	0.118308	0.123647	0.0930174	0.133103	0.108422	
134	0.144185	0.127143	0.139734	0.117815	0.123981	0.0930592	0.133296	0.108133	
135	0.144495	0.127143	0.139843	0.117157	0.124149	0.0928503	0.13347	0.107805	
136	0.144702	0.126833	0.140336	0.116938	0.124483	0.0922235	0.133836	0.107381	
137	0.145218	0.127453	0.140282	0.117102	0.124566	0.0917638	0.133952	0.107343	
138	0.145424	0.127246	0.140556	0.116774	0.124692	0.0915549	0.134144	0.107092	
139	0.145424	0.127246	0.140939	0.1165	0.125151	0.0910117	0.134492	0.106745	
140	0.145631	0.126833	0.141378	0.116883	0.125402	0.0908863	0.1348	0.106745	
141	0.146147	0.126937	0.141706	0.11639	0.125528	0.0905102	0.13507	0.106417	
142	0.146147	0.126833	0.14198	0.116061	0.125569	0.0903431	0.135186	0.106205	
143	0.146044	0.126627	0.142419	0.115952	0.125862	0.0900506	0.135456	0.105993	
144	0.146147	0.126523	0.14209	0.114856	0.126071	0.0897581	0.135456	0.105453	
145	0.146664	0.126214	0.142145	0.114636	0.126154	0.0894655	0.13561	0.105183	
146	0.146561	0.125904	0.142528	0.114636	0.126196	0.0892148	0.135745	0.105009	
147	0.146561	0.125387	0.142583	0.114582	0.126322	0.0888387	0.135822	0.10472	
148	0.146767	0.125387	0.142748	0.114198	0.126614	0.0886298	0.136053	0.104489	
149	0.146974	0.125387	0.14346	0.114034	0.126739	0.0878776	0.1364	0.104084	
150	0.146561	0.124664	0.143624	0.113869	0.126656	0.0875851	0.136343	0.103756	
151	0.146251	0.123838	0.143898	0.113595	0.126698	0.0869583	0.1364	0.103216	
152	0.146561	0.123941	0.143843	0.113431	0.127115	0.086833	0.136632	0.10312	
153	0.146457	0.123322	0.144227	0.113266	0.127283	0.0867494	0.136825	0.102908	
154	0.146354	0.123425	0.144501	0.112554	0.127408	0.0865823	0.13696	0.102599	
155	0.14687	0.123528	0.144501	0.112225	0.127366	0.086248	0.137037	0.102349	
156	0.146974	0.123322	0.144446	0.11228	0.127826	0.0858301	0.137249	0.102136	
157	0.147903	0.123218	0.144337	0.11228	0.12816	0.0853287	0.137538	0.101886	
158	0.03522	0.0282999	0.0534824	0.0387418	0.0687811	0.0415779	0.0571324	0.0381011	
159	0.0357364	0.0282999	0.0538112	0.0384679	0.0691989	0.0414943	0.0575373	0.0379661	
160	0.0363561	0.0280934	0.0540304	0.0384679	0.0693661	0.0412436	0.0578073	0.0378119	
161	0.0367693	0.0279901	0.0543043	0.0386871	0.0698675	0.0409511	0.0582122	0.0377348	
162	0.037389	0.0279901	0.0543591	0.0388514	0.0702436	0.0404914	0.0585207	0.0375805	
163	0.0380087	0.0277835	0.0546879	0.0387966	0.0704943	0.0405332	0.0588678	0.0375419	
164	0.0389382	0.0274737	0.0549619	0.0387966	0.0704943	0.0404078	0.0591377	0.0374262	
165	0.0395579	0.0272671	0.0551263	0.0388514	0.0707451	0.0404496	0.0594269	0.0374262	
166	0.0394547	0.0275769	0.0554551	0.0390706	0.0711211	0.0406168	0.0596969	0.0376383	
167	0.0396612	0.0281967	0.0559483	0.0393994	0.0713719	0.0407839	0.0600247	0.0379469	
168	0.0403842	0.0285065	0.0561675	0.039509	0.0715808	0.0411182	0.0603332	0.0381975	
169	0.0407974	0.0289196	0.0564962	0.0391802	0.0717897	0.0415361	0.0606224	0.0383518	
170	0.0414171	0.0298492	0.0568798	0.0392898	0.072124	0.0414107	0.0610273	0.038506	
171	0.0420368	0.030882	0.057099	0.0390706	0.0725419	0.0412018	0.061413	0.0385253	
172	0.0427598	0.0315018	0.0573182	0.038961	0.072709	0.0414525	0.0617022	0.0387181	
173	0.0432762	0.0317083	0.057647	0.0390158	0.0729598	0.0415779	0.06203	0.0388338	
174	0.0433795	0.0318116	0.0583594	0.0393994	0.0731269	0.0414107	0.0623771	0.038911	
175	0.0436893	0.0322247	0.0583594	0.0396734	0.0734612	0.0414943	0.0625892	0.0391231	
176	0.0444123	0.0325346	0.0589621	0.0396734	0.0739209	0.0414943	0.0631484	0.0391809	
177	0.0447222	0.0331543	0.0591813	0.0398926	0.0739626	0.041954	0.0633026	0.0395858	
178	0.045032	0.0335674	0.0590717	0.0397282	0.0739209	0.0419957	0.0633026	0.0396244	
179	0.0452386	0.033774	0.0594005	0.039783	0.0741716	0.0419122	0.0635726	0.0396437	
180	0.0455484	0.0340839	0.0597841	0.040057	0.0742552	0.0421629	0.0638039	0.0399136	
181	0.045755	0.0341872	0.0601129	0.0404954	0.0742969	0.0420793	0.0639775	0.0400486	
182	0.0465813	0.034497	0.0603869	0.0404406	0.0743387	0.0422465	0.0642474	0.0401643	
183	0.0465813	0.0349101	0.0603869	0.0409885	0.0747148	0.0424136	0.064421	0.0405114	
184	0.0475108	0.0351167	0.0608253	0.0409885	0.0749237	0.0421211	0.0648452	0.0404149	
185	0.0482338	0.0351167	0.0610444	0.040605	0.0750073	0.0420375	0.0650958	0.0402414	
186	0.0487503	0.0355298	0.0616472	0.0409337	0.0752162	0.0420375	0.0655008	0.0404342	
187	0.0489568	0.0357364	0.0618116	0.0410981	0.0755505	0.0420793	0.0657514	0.0405499	
188	0.04937	0.035943	0.0619212	0.0411529	0.0758848	0.0419957	0.0660214	0.0405692	
189	0.0499897	0.0367693	0.0623048	0.040879	0.075843	0.041954	0.0662527	0.0406078	
190	0.0501962	0.0367693	0.062524	0.040879	0.075843	0.0422047	0.0663684	0.0407235	
191	0.0506094	0.0375955	0.062798	0.040879	0.0762191	0.0420375	0.0667155	0.0408006	
192	0.0517455	0.0383185	0.0630719	0.0410433	0.0764281	0.0416614	0.0671204	0.0408199	
193	0.0521586	0.0383185	0.0631267	0.0413173	0.0767206	0.0415361	0.0673518	0.0408584	
194	0.0524685	0.0385251	0.0634007	0.0415365	0.0769295	0.0416197	0.0676025	0.0410127	
195	0.0527784	0.0387317	0.0641679	0.0415913	0.0772638	0.041745	0.0680845	0.0411284	
196	0.0537079	0.0393514	0.0646063	0.0417009	0.0772638	0.041954	0.0684123	0.041379	
197	0.054121	0.0395579	0.0650447	0.0419749	0.0774309	0.0415361	0.0687208	0.0413212	
198	0.0545342	0.0396612	0.0655926	0.0421393	0.0775145	0.0414943	0.0690293	0.041379	
199	0.0550506	0.0406941	0.0660858	0.0425229	0.0775145	0.0415361	0.0692993	0.0417261	
200	0.0552572	0.0412105	0.0664694	0.0423037	0.0776817	0.0418286	0.06955	0.0418804	
201	0.0558769	0.0416236	0.066853	0.0424133	0.0779742	0.0418704	0.0699356	0.0420153	
202	0.05629	0.0420368	0.0670174	0.0428517	0.0780577	0.0422465	0.0701091	0.0424203	
203	0.026131	0.0187978	0.0368239	0.0233985	0.0493084	0.0267018	0.0405885	0.0240639	
204	0.026854	0.0189011	0.0369335	0.0234533	0.0495174	0.0268271	0.0408584	0.0241603	
205	0.0273704	0.0193142	0.0374267	0.0235081	0.0500188	0.0268689	0.0413598	0.024276	
206	0.0277835	0.0195208	0.0374267	0.0236725	0.0501442	0.0269943	0.0414947	0.0244302	
207	0.0278868	0.0194175	0.0380843	0.0237273	0.0504785	0.0267018	0.0418997	0.0242952	
208	0.0284032	0.0198306	0.0385775	0.0240013	0.050771	0.0265764	0.0423046	0.0244109	
209	0.0291262	0.0199339	0.039235	0.0241657	0.0509381	0.0265764	0.0427481	0.0244881	
210	0.0293328	0.0208635	0.0396734	0.0240561	0.0514813	0.0267018	0.0431915	0.0246809	
211	0.0299525	0.02107	0.0402762	0.0238369	0.0519828	0.02666	0.0437507	0.024623	
212	0.0304689	0.0214832	0.0409337	0.0242205	0.0523171	0.0268689	0.0442328	0.0249315	
213	0.0307788	0.0219996	0.0418105	0.0244397	0.0525678	0.0267436	0.0447148	0.0250472	
214	0.0312952	0.0218963	0.0421941	0.0249329	0.0530275	0.0269107	0.0451583	0.0252786	
215	0.0312952	0.0222062	0.0427421	0.0252617	0.0534035	0.0272032	0.0455247	0.0255871	
216	0.0319149	0.0228259	0.0432352	0.0259192	0.0536125	0.0274539	0.0459103	0.0260499	
217	0.0324313	0.0231357	0.0436188	0.0263028	0.0541557	0.0279136	0.0463923	0.0264548	
218	0.0331543	0.0238587	0.0439476	0.0269604	0.0545736	0.0283315	0.0468358	0.027014	
219	0.0336707	0.0242718	0.0443312	0.0275084	0.0548243	0.0287075	0.0471829	0.0274575	
220	0.0343937	0.0244784	0.044934	0.0282755	0.0550332	0.028624	0.0476264	0.0277274	
221	0.0348069	0.0250981	0.0454819	0.0288235	0.0555347	0.0288747	0.0481277	0.0281516	
222	0.0353233	0.0252014	0.0457559	0.0293167	0.0559525	0.0291254	0.0485134	0.0284601	
223	0.0357364	0.0258211	0.0463587	0.0299194	0.0562033	0.029	0.0489183	0.0287301	
224	0.0365627	0.0262342	0.0468519	0.0303578	0.0565793	0.0294179	0.0494196	0.0291543	
225	0.0367693	0.0265441	0.0471807	0.0304674	0.0565375	0.0295015	0.0495546	0.0292893	
226	0.0370791	0.0269572	0.0476738	0.0305222	0.0566629	0.0294597	0.0498438	0.0293664	
227	0.0374923	0.0275769	0.0480574	0.0312346	0.0569972	0.029794	0.0502102	0.029887	
228	0.038112	0.0277835	0.0485506	0.031673	0.0570808	0.0302119	0.050538	0.0302726	
229	0.0392481	0.0281967	0.0486054	0.0320018	0.0574569	0.0305044	0.0509429	0.0306004	
230	0.0399711	0.0284032	0.0488794	0.0323853	0.0578747	0.0306715	0.0513671	0.0308511	
231	0.0405908	0.0290229	0.0492082	0.0327689	0.0581672	0.0310476	0.0517334	0.0312753	
232	0.0412105	0.0292295	0.049537	0.0330977	0.0585851	0.0312147	0.0521576	0.0315067	
233	0.0423466	0.0296426	0.0498109	0.0335361	0.0588358	0.0312147	0.0525819	0.0317381	
234	0.0429663	0.0297459	0.0504137	0.0337553	0.0592119	0.0314237	0.0530832	0.0319309	
235	0.0438959	0.0302623	0.0507973	0.0343032	0.0595044	0.0315908	0.0535267	0.0322973	
236	0.0439992	0.0309853	0.0510165	0.0342485	0.0602566	0.0318833	0.0539702	0.0325479	
237	0.0442057	0.0317083	0.0516741	0.034358	0.0605909	0.0319251	0.0543944	0.0327407	
238	0.0442057	0.0319149	0.0520576	0.0345224	0.0603819	0.0321341	0.0544329	0.0329336	
239	0.045032	0.0325346	0.052496	0.0345772	0.0604237	0.0323848	0.0547607	0.0331842	
240	0.0460649	0.0334642	0.0529892	0.0349608	0.0603819	0.032343	0.0551078	0.0334734	
241	0.0466846	0.033774	0.0534276	0.0353444	0.060758	0.0325519	0.0555513	0.0337627	
242	0.0469944	0.0348069	0.0538112	0.0356732	0.0608416	0.0328862	0.0557827	0.0342254	
243	0.0475108	0.0349101	0.0544139	0.0358924	0.0608834	0.0334294	0.0561104	0.0345725	
244	0.047924	0.0350134	0.0548523	0.0366595	0.0612595	0.0336802	0.0565154	0.0349774	
245	0.0487503	0.0351167	0.0551263	0.0368787	0.0615937	0.0338891	0.0569203	0.0351703	
246	0.0490601	0.0358397	0.0555099	0.0372623	0.0618863	0.0341398	0.0572481	0.0355559	
247	0.0496798	0.0368725	0.0559483	0.0378651	0.0622623	0.0342234	0.0576916	0.0359994	
248	0.0506094	0.0371824	0.056551	0.0381939	0.0624713	0.0345159	0.0581736	0.0363079	
249	0.0508159	0.0375955	0.056825	0.0381939	0.0629309	0.0344741	0.0585207	0.0363657	
250	0.0509192	0.0382152	0.057099	0.0384679	0.0633488	0.034683	0.0588292	0.0366743	
251	0.0515389	0.0383185	0.0573182	0.0386323	0.0639338	0.0348502	0.059292	0.0368285	
252	0.0515389	0.0387317	0.0578662	0.0390158	0.0642263	0.0351009	0.0596198	0.0371563	
253	0.0523652	0.0391448	0.0583594	0.0393994	0.064686	0.0352681	0.0601597	0.0374455	
254	0.0256145	0.0191076	0.0299194	0.0192339	0.0430404	0.0236931	0.0351703	0.021268	
255	0.0260277	0.0195208	0.0301934	0.0193983	0.0433747	0.0238185	0.0354981	0.0214608	
256	0.0264408	0.0193142	0.0304126	0.0195079	0.0435001	0.0239021	0.0357102	0.0214994	
257	0.026854	0.0192109	0.0309606	0.0198367	0.043709	0.0238603	0.0360765	0.0215765	
258	0.0278868	0.0197273	0.0316182	0.0199463	0.0439597	0.0241946	0.0366164	0.0218657	
259	0.0281967	0.0198306	0.0321661	0.0199463	0.0443776	0.0241528	0.0370599	0.0218657	
260	0.0285065	0.020347	0.0324949	0.0199463	0.0449626	0.0243617	0.0375034	0.0220585	
261	0.0288164	0.0207602	0.0329333	0.0199463	0.0451297	0.0244453	0.0377926	0.0221742	
262	0.0289196	0.02107	0.0334265	0.0200559	0.0453805	0.0247378	0.0381011	0.0224056	
263	0.0288164	0.0212766	0.0337005	0.0203299	0.0457566	0.0249885	0.0383518	0.0226563	
264	0.0292295	0.0216897	0.0343032	0.0208231	0.0460491	0.0251557	0.038776	0.0229841	
265	0.0294361	0.022516	0.0347416	0.0213162	0.046258	0.0254064	0.0390652	0.0234276	
266	0.0298492	0.0226193	0.034906	0.0217546	0.0463416	0.0257825	0.0392387	0.0237746	
267	0.0303656	0.0229291	0.035454	0.0221382	0.0464251	0.0261168	0.0395665	0.0241217	
268	0.0307788	0.0229291	0.0358376	0.022467	0.0466341	0.0262839	0.0398751	0.0243145	
269	0.0312952	0.0229291	0.0362212	0.0227958	0.0468848	0.0264928	0.0402221	0.0245266	
270	0.0319149	0.0230324	0.0364952	0.0231246	0.0471355	0.0267018	0.0405499	0.024758	
271	0.0320182	0.023239	0.0370979	0.0238369	0.0473444	0.0270361	0.0408777	0.0252015	
272	0.0326379	0.0234456	0.0370979	0.0242205	0.0478041	0.0271614	0.0412055	0.0254329	
273	0.0331543	0.0237554	0.0378103	0.0243849	0.048013	0.0271614	0.041649	0.0255486	
274	0.033774	0.0240653	0.0383035	0.0249877	0.0481802	0.0276629	0.0420153	0.0260499	
275	0.034497	0.0243751	0.0386871	0.0252617	0.0484727	0.0277047	0.0424203	0.0262234	
276	0.0350134	0.0247883	0.0391802	0.0255356	0.0489323	0.0278718	0.0429023	0.0264741	
277	0.0356331	0.0253047	0.0399474	0.0254808	0.0493502	0.0282061	0.0434808	0.0267055	
278	0.0361496	0.0253047	0.040605	0.0261384	0.0495174	0.0283732	0.0438857	0.027014	
279	0.0364594	0.0259244	0.0409337	0.0261932	0.0496845	0.0284568	0.0441364	0.0271875	
