Day	peri_infected_0_0	plac_infected_0_0	peri_infected_1_2	plac_infected_1_2	peri_infected_3_max	plac_infected_3_max	peri_infected_all	plac_infected_all	
0	0.571473	0	0.512252	0	0.445933	0	0.492595	0	
1	0.571267	0	0.512143	0	0.445726	0	0.492422	0	
2	0.571885	0	0.512689	0	0.445228	0	0.492499	0	
3	0.57137	0	0.512034	0	0.445145	0	0.492135	0	
4	0.571576	0	0.512252	0	0.44444	0	0.491924	0	
5	0.571473	0	0.511161	0	0.444938	0	0.491751	0	
6	0.570545	0	0.511161	0	0.445228	0	0.491713	0	
7	0.570441	0	0.511597	0	0.445518	0	0.491981	0	
8	0.570751	0	0.511434	0	0.445518	0	0.491981	0	
9	0.570545	0	0.511434	0	0.445518	0	0.491943	0	
10	0.570751	0	0.511161	0	0.44473	0	0.491521	0	
11	0.570545	0	0.511379	0	0.445352	0	0.491847	0	
12	0.570441	0	0.510997	0	0.445021	0	0.49154	0	
13	0.570854	0	0.511325	0	0.445062	0	0.491751	0	
14	0.56941	0	0.511707	0	0.444855	0	0.491521	0	
15	0.569307	0	0.511434	0	0.444357	0	0.491176	0	
16	0.568379	0	0.511597	0	0.444606	0	0.491176	0	
17	0.568998	0	0.511379	0	0.44444	0	0.491137	0	
18	0.568688	0	0.512252	0	0.444108	0	0.491233	0	
19	0.567863	0	0.512198	0	0.443901	0	0.490965	0	
20	0.568276	0	0.512089	0	0.443776	0	0.490945	0	
21	0.568585	0	0.512853	0	0.44361	0	0.491195	0	
22	0.568894	0	0.512744	0	0.443527	0	0.491176	0	
23	0.567141	0	0.512962	0	0.443278	0	0.490811	0	
24	0.566007	0	0.51258	0	0.443071	0	0.49037	0	
25	0.565078	0	0.512798	0	0.442947	0	0.490216	0	
26	0.565285	0	0.512634	0	0.442988	0	0.490216	0	
27	0.564666	0	0.512634	0	0.442947	0	0.490082	0	
28	0.564872	0	0.512307	0	0.443154	0	0.490101	0	
29	0.565594	0	0.511761	0	0.443071	0	0.490005	0	
30	0.565078	0	0.512471	0	0.442905	0	0.490082	0	
31	0.564769	0	0.512853	0	0.442988	0	0.490197	0	
32	0.564975	0	0.51258	0	0.443444	0	0.490351	0	
33	0.565388	0	0.512798	0	0.443942	0	0.490734	0	
34	0.565285	0	0.512416	0	0.443569	0	0.490408	0	
35	0.565594	0	0.511816	0	0.442573	0	0.489794	0	
36	0.565697	0	0.511652	0	0.442864	0	0.48989	0	
37	0.56611	0	0.511434	0	0.442822	0	0.489871	0	
38	0.565903	0	0.511707	0	0.442698	0	0.489871	0	
39	0.566007	0	0.51187	0	0.443195	0	0.490178	0	
40	0.566522	0	0.51187	0	0.443237	0	0.490293	0	
41	0.56776	0	0.511652	0	0.442988	0	0.490331	0	
42	0.56745	0	0.511379	0	0.442864	0	0.49012	0	
43	0.567347	0	0.511161	0	0.44332	0	0.490236	0	
44	0.567966	0	0.511325	0	0.443195	0	0.490351	0	
45	0.568791	0	0.510397	0	0.443113	0	0.49014	0	
46	0.568069	0	0.510342	0	0.442781	0	0.489833	0	
47	0.568894	0	0.50996	0	0.442822	0	0.489871	0	
48	0.56941	0	0.50996	0	0.443154	0	0.49012	0	
49	0.568172	0	0.509633	0	0.44332	0	0.489852	0	
50	0.567554	0	0.509524	0	0.443693	0	0.489871	0	
51	0.56745	0	0.509469	0	0.442822	0	0.48943	0	
52	0.56745	0	0.509906	0	0.443278	0	0.489794	0	
53	0.568172	0	0.510069	0	0.442988	0	0.489852	0	
54	0.56745	0	0.509687	0	0.44249	0	0.489353	0	
55	0.566832	0	0.509578	0	0.442076	0	0.489008	0	
56	0.566935	0	0.50996	0	0.441785	0	0.489027	0	
57	0.567141	0	0.510342	0	0.442076	0	0.489334	0	
58	0.567244	0	0.509633	0	0.4422	0	0.489161	0	
59	0.567141	0	0.509742	0	0.441329	0	0.488778	0	
60	0.567244	0	0.50936	0	0.441287	0	0.488643	0	
61	0.567966	0	0.509251	0	0.441744	0	0.48895	0	
62	0.567141	0	0.50996	0	0.44108	0	0.488739	0	
63	0.568379	0	0.509578	0	0.44137	0	0.488969	0	
64	0.568482	0	0.509796	0	0.440665	0	0.488739	0	
65	0.56941	0	0.509524	0	0.440873	0	0.488912	0	
66	0.569823	0	0.509687	0	0.440914	0	0.489065	0	
67	0.569719	0	0.509524	0	0.441536	0	0.489276	0	
68	0.570338	0	0.509687	0	0.441661	0	0.489507	0	
69	0.568791	0	0.509251	0	0.441827	0	0.489142	0	
70	0.568172	0	0.509906	0	0.441993	0	0.489334	0	
71	0.568069	0	0.51056	0	0.442407	0	0.489737	0	
72	0.567347	0	0.510615	0	0.442781	0	0.489794	0	
73	0.56745	0	0.510615	0	0.442822	0	0.489833	0	
74	0.567141	0	0.510397	0	0.442573	0	0.489583	0	
75	0.567554	0	0.51067	0	0.442159	0	0.489564	0	
76	0.56745	0	0.510833	0	0.442159	0	0.489603	0	
77	0.567657	0	0.511215	0	0.4422	0	0.489794	0	
78	0.566729	0	0.510724	0	0.4422	0	0.489449	0	
79	0.567141	0	0.510069	0	0.442034	0	0.489219	0	
80	0.566832	0	0.510124	0	0.441702	0	0.489027	0	
81	0.566832	0	0.510124	0	0.441868	0	0.489104	0	
82	0.567244	0	0.50996	0	0.441993	0	0.48918	0	
83	0.567966	0	0.510288	0	0.442407	0	0.489622	0	
84	0.567863	0	0.51056	0	0.442615	0	0.489794	0	
85	0.568482	0	0.51067	0	0.442822	0	0.490044	0	
86	0.568482	0	0.510888	0	0.442656	0	0.490044	0	
87	0.568894	0	0.510615	0	0.443652	0	0.490485	0	
88	0.568276	0	0.510779	0	0.444067	0	0.490619	0	
89	0.567554	0	0.510943	0	0.443403	0	0.490236	0	
90	0.568069	0	0.510833	0	0.443527	0	0.490351	0	
91	0.571473	0.556724	0.513289	0.444632	0.445435	0.326393	0.492729	0.410797	
92	0.57271	0.55889	0.51449	0.446161	0.446306	0.325978	0.493785	0.411545	
93	0.573742	0.560334	0.516346	0.446706	0.447426	0.324734	0.495147	0.41143	
94	0.575804	0.562397	0.517	0.446979	0.447965	0.323904	0.49601	0.411525	
95	0.577351	0.563016	0.517928	0.447198	0.449127	0.322286	0.497161	0.410969	
96	0.578383	0.563531	0.519129	0.446433	0.449873	0.319798	0.49812	0.409645	
97	0.580446	0.565182	0.520985	0.445724	0.450537	0.318221	0.499463	0.408974	
98	0.582921	0.566316	0.522567	0.444905	0.451325	0.31623	0.500844	0.407977	
99	0.583952	0.566832	0.523277	0.444032	0.452404	0.313659	0.501784	0.406576	
100	0.585809	0.566935	0.524205	0.443268	0.453026	0.311543	0.502743	0.405348	
101	0.586943	0.568379	0.524914	0.440812	0.454187	0.308474	0.503741	0.403334	
102	0.5888	0.568998	0.525896	0.439721	0.455017	0.30669	0.504815	0.402241	
103	0.590862	0.568998	0.527206	0.438684	0.455639	0.30416	0.505947	0.400706	
104	0.592203	0.569513	0.52797	0.438247	0.456178	0.301547	0.506714	0.39944	
105	0.593234	0.570751	0.528844	0.436119	0.457091	0.299017	0.507635	0.397752	
106	0.594369	0.570132	0.529608	0.434481	0.45792	0.296611	0.508498	0.395948	
107	0.595194	0.569823	0.530317	0.432407	0.459206	0.293293	0.509496	0.393627	
108	0.596947	0.569101	0.531027	0.429679	0.459787	0.290348	0.51034	0.391172	
109	0.598185	0.568998	0.532773	0.428096	0.460077	0.287362	0.511318	0.389215	
110	0.599319	0.570132	0.533155	0.426295	0.460699	0.284292	0.511951	0.387373	
111	0.601176	0.570751	0.533865	0.424276	0.46157	0.281803	0.512949	0.385628	
112	0.60262	0.570132	0.535011	0.422966	0.462193	0.278693	0.513908	0.383613	
113	0.604167	0.570029	0.535556	0.42111	0.463022	0.277075	0.514771	0.382194	
114	0.605507	0.570235	0.536757	0.4192	0.46352	0.275457	0.515673	0.380813	
115	0.607261	0.570751	0.537739	0.416362	0.463935	0.2733	0.516536	0.378913	
116	0.609014	0.570957	0.538722	0.415216	0.464432	0.270355	0.517438	0.377187	
117	0.610767	0.570854	0.539923	0.412378	0.464018	0.267825	0.517994	0.375	
118	0.611902	0.569616	0.540741	0.410741	0.464391	0.265461	0.518666	0.373101	
119	0.612933	0.568585	0.541341	0.40894	0.464266	0.262641	0.519011	0.370971	
120	0.613758	0.568276	0.541942	0.406429	0.464391	0.260608	0.519433	0.369091	
121	0.614893	0.568172	0.542378	0.404137	0.465179	0.258202	0.520162	0.367154	
122	0.615718	0.568791	0.543252	0.402718	0.465303	0.255216	0.52068	0.365389	
123	0.616955	0.568069	0.544016	0.400371	0.465594	0.252354	0.521313	0.363106	
124	0.618296	0.568069	0.544889	0.39857	0.465594	0.250695	0.521869	0.361706	
125	0.619637	0.567347	0.545598	0.396878	0.465428	0.247999	0.522291	0.35973	
126	0.62005	0.56611	0.546035	0.39404	0.466092	0.245759	0.522828	0.357466	
127	0.620978	0.565697	0.546417	0.391748	0.466755	0.243519	0.523442	0.355548	
128	0.622215	0.565182	0.54669	0.389783	0.466631	0.24103	0.523711	0.35361	
129	0.623144	0.56446	0.547072	0.387273	0.466216	0.238293	0.523826	0.351328	
130	0.624484	0.564769	0.548109	0.384817	0.466299	0.236634	0.524478	0.349754	
131	0.625103	0.56446	0.548382	0.382961	0.467087	0.235223	0.525054	0.348392	
132	0.625825	0.562913	0.548873	0.381269	0.466755	0.233025	0.525207	0.346493	
133	0.627578	0.561984	0.548873	0.37996	0.46746	0.231947	0.525859	0.345361	
134	0.628816	0.562087	0.548982	0.377176	0.467294	0.229873	0.526051	0.343443	
135	0.62995	0.561675	0.549037	0.375539	0.467502	0.228006	0.526377	0.341928	
136	0.631188	0.561056	0.5492	0.373356	0.467419	0.226637	0.526627	0.340412	
137	0.632013	0.560953	0.54931	0.3715	0.467502	0.22448	0.526857	0.338743	
138	0.632529	0.559715	0.549255	0.369863	0.468124	0.22249	0.527221	0.337017	
139	0.633045	0.5592	0.549965	0.368717	0.468248	0.220872	0.527624	0.33577	
140	0.633663	0.558787	0.549855	0.36637	0.468331	0.218964	0.527739	0.333986	
141	0.634798	0.557137	0.549146	0.363969	0.468207	0.216766	0.527643	0.331818	
142	0.635107	0.555693	0.549473	0.362441	0.468082	0.215812	0.527759	0.330571	
143	0.63552	0.554971	0.550456	0.36053	0.467875	0.214069	0.528085	0.328959	
144	0.636242	0.554146	0.550729	0.359002	0.467336	0.21324	0.528066	0.327885	
145	0.636654	0.552702	0.55122	0.357147	0.467377	0.21241	0.528334	0.326581	
146	0.638511	0.55229	0.551165	0.354363	0.467502	0.211042	0.528718	0.324893	
147	0.638923	0.550021	0.551165	0.352399	0.467502	0.209134	0.528795	0.322897	
148	0.639955	0.549092	0.551984	0.350379	0.46746	0.20706	0.529255	0.321056	
149	0.640883	0.547236	0.551875	0.349015	0.467502	0.205193	0.529408	0.319368	
150	0.641295	0.546927	0.551875	0.347596	0.467543	0.203119	0.529504	0.317852	
151	0.642533	0.546823	0.551656	0.345686	0.466755	0.201377	0.529293	0.316356	
152	0.643461	0.545689	0.551656	0.34383	0.466133	0.20005	0.529178	0.314879	
153	0.64408	0.547133	0.55182	0.342302	0.465967	0.198474	0.529274	0.313881	
154	0.644493	0.54538	0.55182	0.340883	0.465926	0.196566	0.529332	0.312174	
155	0.644596	0.545483	0.550947	0.339573	0.465884	0.195197	0.529025	0.3111	
156	0.645524	0.545586	0.550783	0.337663	0.465635	0.193579	0.529025	0.309699	
157	0.645936	0.545586	0.550565	0.335207	0.465303	0.192127	0.528871	0.308165	
158	0.118606	0.101382	0.0980189	0.0598155	0.0832884	0.0326849	0.0950353	0.0549992	
159	0.119224	0.101279	0.0982372	0.0592698	0.0840765	0.0328923	0.0955916	0.0548841	
160	0.119534	0.100454	0.0987284	0.0591606	0.0847816	0.0328508	0.0961479	0.0546731	
161	0.120153	0.100144	0.099165	0.059106	0.085072	0.032519	0.0965508	0.0544429	
162	0.120875	0.100041	0.0998199	0.0587786	0.0854453	0.0322286	0.0970879	0.0541743	
163	0.121493	0.0996287	0.100857	0.0583966	0.085943	0.0321042	0.0977977	0.0539058	
164	0.122009	0.099113	0.102003	0.0580691	0.0870629	0.0318138	0.0988145	0.0535605	
165	0.124175	0.0992162	0.104077	0.0577962	0.0887221	0.0323116	0.100714	0.0537139	
166	0.12696	0.0992162	0.107461	0.0581782	0.0906715	0.0327678	0.103323	0.0540592	
167	0.13026	0.0993193	0.11008	0.0587786	0.092704	0.0330167	0.105797	0.0544045	
168	0.13356	0.0999381	0.112864	0.0588877	0.0949853	0.0333071	0.108445	0.0546923	
169	0.137789	0.100866	0.115374	0.0590515	0.0969762	0.0333071	0.111034	0.0549225	
170	0.141295	0.101382	0.117994	0.0599247	0.099382	0.0335145	0.11372	0.0554213	
171	0.145421	0.10231	0.121159	0.0604159	0.101871	0.0340537	0.116751	0.056016	
172	0.149546	0.104476	0.123833	0.0618349	0.104484	0.0350492	0.119667	0.057378	
173	0.153053	0.106745	0.126944	0.0640179	0.107138	0.0362935	0.12264	0.0591429	
174	0.156044	0.110045	0.129673	0.0661464	0.109337	0.0378697	0.125173	0.0612339	
175	0.158519	0.113346	0.132729	0.0685477	0.111494	0.0389896	0.127705	0.0632098	
176	0.162541	0.116955	0.134858	0.0706762	0.114065	0.040151	0.130391	0.0651665	
177	0.167389	0.120359	0.136823	0.0731867	0.11643	0.0420175	0.133076	0.0675453	
178	0.170276	0.124072	0.139497	0.0756972	0.119292	0.0435522	0.135877	0.0698281	
179	0.172649	0.126753	0.142226	0.0778257	0.121324	0.0450454	0.138217	0.0717657	
180	0.174711	0.130157	0.144354	0.0803362	0.123315	0.0460824	0.14027	0.0737607	
181	0.17729	0.133045	0.146264	0.0821372	0.125306	0.0475341	0.142342	0.0756024	
182	0.18059	0.13521	0.149048	0.0845931	0.12767	0.0489444	0.145028	0.0775207	
183	0.183168	0.13913	0.152049	0.0862304	0.130117	0.0509353	0.147694	0.079746	
184	0.186469	0.143461	0.15456	0.0875948	0.131984	0.0523041	0.150054	0.0816644	
185	0.190285	0.145936	0.157562	0.089505	0.134514	0.0538388	0.152989	0.083506	
186	0.193482	0.148412	0.160127	0.0911969	0.136671	0.0549173	0.155483	0.0850599	
187	0.197607	0.150784	0.162583	0.0926158	0.139616	0.0561616	0.158475	0.0865754	
188	0.200289	0.152847	0.164875	0.0937074	0.141524	0.05724	0.160662	0.0878415	
189	0.20328	0.155734	0.167385	0.0958904	0.143722	0.0585259	0.163118	0.0897406	
190	0.20658	0.1579	0.169732	0.0978552	0.146087	0.0599776	0.16565	0.0915055	
191	0.208849	0.160685	0.172024	0.0999291	0.148243	0.0610975	0.167875	0.0932704	
192	0.211324	0.164088	0.17508	0.102385	0.15011	0.0625493	0.170273	0.0954382	
193	0.214006	0.166976	0.177427	0.10435	0.152474	0.0638351	0.17269	0.0972606	
194	0.216687	0.170173	0.179719	0.105823	0.15459	0.0652039	0.174973	0.0990063	
195	0.219781	0.171927	0.182721	0.106915	0.156373	0.0657016	0.177429	0.0999463	
196	0.223391	0.174711	0.185068	0.108552	0.158157	0.0670704	0.17975	0.101673	
197	0.226073	0.178012	0.187633	0.110026	0.159733	0.0682733	0.181879	0.103361	
198	0.229476	0.179662	0.190198	0.111827	0.161309	0.0694761	0.184143	0.104857	
199	0.233086	0.181621	0.192381	0.113573	0.163424	0.0704301	0.18656	0.106277	
200	0.236696	0.1842	0.194564	0.115265	0.165042	0.0715915	0.188747	0.107888	
201	0.239686	0.186675	0.197348	0.116957	0.167157	0.0724626	0.19126	0.109346	
202	0.241749	0.188841	0.199258	0.11854	0.168983	0.0730433	0.193159	0.110574	
203	0.0429043	0.0313531	0.0374939	0.0218851	0.0310672	0.0128168	0.0355279	0.0194521	
204	0.0453795	0.0317657	0.0395132	0.0221579	0.032519	0.0129827	0.0373696	0.0197015	
205	0.047236	0.0320751	0.0414779	0.0225946	0.0341366	0.0128997	0.0391536	0.0198742	
206	0.0502269	0.0325908	0.0437701	0.0230312	0.0355469	0.0131071	0.0411679	0.0202195	
207	0.0531147	0.0334158	0.0451345	0.0230312	0.037206	0.0129827	0.042952	0.0203154	
208	0.0558993	0.0340347	0.0476996	0.0234678	0.0388652	0.0128997	0.0451389	0.0205456	
209	0.057962	0.0340347	0.0500464	0.0237952	0.0403999	0.0130242	0.0470572	0.0207182	
210	0.0607467	0.0365099	0.0531572	0.0252688	0.0425567	0.0142685	0.0496662	0.0222721	
211	0.064769	0.038882	0.0556132	0.0270698	0.0450869	0.0151396	0.0524478	0.0237492	
212	0.0677599	0.0400165	0.0583966	0.0284888	0.047783	0.0162595	0.0552294	0.024977	
213	0.0730198	0.0429043	0.0619986	0.0301806	0.0498984	0.0169231	0.0584523	0.0264157	
214	0.0776609	0.0455858	0.065164	0.0315996	0.0527604	0.018126	0.0617518	0.0279696	
215	0.0811675	0.0481642	0.0684932	0.0337281	0.0550417	0.01908	0.0646294	0.0296386	
216	0.0844678	0.0501238	0.0721498	0.03542	0.0576548	0.0203244	0.0677371	0.0311733	
217	0.0881807	0.0527021	0.0753152	0.0378213	0.060185	0.0217761	0.0707106	0.0331684	
218	0.0918936	0.056415	0.0785352	0.0398952	0.0624663	0.0236426	0.0735881	0.0354512	
219	0.0965347	0.0593028	0.0819189	0.0422966	0.0651209	0.0253018	0.0768685	0.0375998	
220	0.100351	0.0641502	0.0847569	0.0453528	0.0672363	0.0267535	0.0795542	0.0402471	
221	0.104785	0.0684818	0.0882497	0.0478088	0.0693932	0.02862	0.0826044	0.0427793	
222	0.108086	0.071679	0.0914697	0.050483	0.0721722	0.0299473	0.0856354	0.0449279	
223	0.112211	0.0747731	0.0944714	0.0535393	0.0746194	0.0313991	0.0885896	0.0472491	
224	0.115718	0.0785891	0.0974185	0.0561589	0.0766104	0.0333071	0.0911986	0.0497621	
225	0.118709	0.0817863	0.102112	0.058724	0.0791406	0.0348418	0.0945749	0.0519682	
226	0.121493	0.0862211	0.105332	0.0613437	0.08221	0.036335	0.0976443	0.0544045	
227	0.124691	0.0900371	0.108061	0.0635267	0.0847401	0.0376208	0.100368	0.0564764	
228	0.128094	0.0939563	0.110244	0.0666376	0.0872288	0.0385748	0.10292	0.05874	
229	0.130672	0.0968441	0.113573	0.0693664	0.0895516	0.0401925	0.105644	0.0609845	
230	0.134488	0.100248	0.116466	0.071986	0.0921233	0.0421005	0.10856	0.0634208	
231	0.137583	0.103238	0.118376	0.0740599	0.0945705	0.0433863	0.110938	0.0653008	
232	0.139955	0.106023	0.121214	0.0779894	0.0969762	0.0452528	0.11349	0.0680632	
233	0.142739	0.108705	0.12498	0.0802816	0.0990501	0.0474097	0.116291	0.0703653	
234	0.145627	0.111902	0.127763	0.0823555	0.101331	0.0490273	0.118861	0.0724371	
235	0.149134	0.115305	0.130765	0.0836653	0.103447	0.0501472	0.121547	0.0740485	
236	0.152331	0.117574	0.133221	0.0861213	0.105936	0.0513501	0.124156	0.0758901	
237	0.155631	0.120875	0.136495	0.0882497	0.108134	0.0526774	0.126938	0.077866	
238	0.158622	0.123762	0.138842	0.089123	0.110291	0.0540462	0.129316	0.0793432	
239	0.162026	0.125722	0.142007	0.0910877	0.113236	0.0553735	0.132424	0.0810121	
240	0.166151	0.1283	0.144736	0.0937619	0.115393	0.0566593	0.135148	0.0830264	
241	0.168626	0.131085	0.147083	0.0958904	0.118628	0.0578207	0.13793	0.0848297	
242	0.17203	0.134076	0.150139	0.0976914	0.120785	0.0588577	0.140635	0.0864986	
243	0.174814	0.136757	0.152704	0.0993833	0.123439	0.0600191	0.143282	0.0881292	
244	0.17863	0.140161	0.155324	0.101621	0.125513	0.0607242	0.145872	0.0898749	
245	0.180899	0.142533	0.158162	0.103367	0.127255	0.0620515	0.148097	0.0915439	
246	0.183684	0.145421	0.160836	0.105387	0.128956	0.0636277	0.150341	0.0935198	
247	0.187087	0.148927	0.16351	0.106751	0.131611	0.0646232	0.153142	0.095112	
248	0.190491	0.151403	0.165803	0.108552	0.134016	0.0661579	0.155694	0.0969153	
249	0.194101	0.154703	0.168258	0.110844	0.136007	0.0666141	0.158149	0.0985459	
250	0.197092	0.156456	0.17066	0.112263	0.137791	0.0676511	0.160374	0.0998504	
251	0.198948	0.159757	0.173225	0.113573	0.13945	0.0683147	0.162389	0.101232	
252	0.201526	0.161819	0.176609	0.115265	0.141317	0.0690613	0.164921	0.102555	
253	0.205033	0.164295	0.179337	0.116957	0.142685	0.0699324	0.167165	0.104013	
254	0.0395008	0.0290842	0.0348196	0.021503	0.0275416	0.0128583	0.0323243	0.018915	
255	0.0420792	0.029703	0.0370027	0.0219396	0.0291178	0.0130657	0.0343002	0.0192795	
256	0.0448639	0.0302186	0.0393495	0.0219942	0.0313161	0.0132731	0.0366598	0.0194905	
257	0.0481642	0.0305281	0.0413142	0.0223217	0.0331826	0.0131901	0.0388275	0.0196248	
258	0.0506394	0.0306312	0.0442613	0.0227583	0.0349247	0.0132731	0.0411295	0.0198358	
259	0.0527021	0.0311469	0.0461715	0.0231949	0.0363765	0.0135219	0.042856	0.0202003	
260	0.0558993	0.0318688	0.048682	0.023304	0.038243	0.0137708	0.0451964	0.020488	
261	0.060953	0.0348597	0.051902	0.0252142	0.0413539	0.0147663	0.048707	0.0221762	
262	0.0649752	0.0374381	0.0554494	0.0267423	0.0437181	0.0156788	0.0517956	0.0236149	
263	0.0682756	0.0400165	0.0586149	0.0287617	0.0459579	0.0174209	0.054558	0.02561	
264	0.0720916	0.0429043	0.0624352	0.0300169	0.0484881	0.0188726	0.0577808	0.0272598	
265	0.0763201	0.0455858	0.0657643	0.0322	0.051516	0.020034	0.061138	0.0290631	
266	0.0790017	0.0477517	0.0693664	0.0336189	0.0542121	0.0211539	0.0641498	0.0304827	
267	0.0827145	0.0508457	0.0729684	0.03542	0.0565349	0.0226057	0.0671808	0.0323626	
268	0.086118	0.0555899	0.0759155	0.0379305	0.0589821	0.0246381	0.0699816	0.0350675	
269	0.089934	0.0595091	0.0785898	0.0407139	0.0613049	0.0262558	0.0727056	0.037523	
270	0.0932343	0.0625	0.0825738	0.0435518	0.0637936	0.0280808	0.0758709	0.039921	
271	0.0973597	0.0660066	0.0848114	0.0466081	0.0664897	0.0293666	0.0786717	0.0422422	
272	0.101176	0.0700289	0.0882497	0.0492823	0.0691443	0.0312746	0.0818178	0.0448128	
273	0.104167	0.072401	0.0914697	0.0515745	0.0723381	0.0328923	0.0849831	0.0468079	
274	0.108808	0.0759076	0.094144	0.0539213	0.0750342	0.0343855	0.0880333	0.0489756	
275	0.112417	0.0790017	0.0969819	0.0559406	0.0770667	0.0355884	0.0906423	0.0508172	
276	0.11613	0.0826114	0.100202	0.0580145	0.0794724	0.0369157	0.0935773	0.0528315	
277	0.120771	0.0857054	0.104022	0.0611799	0.0817537	0.0383259	0.0968386	0.0551719	
278	0.124381	0.089212	0.106806	0.0626535	0.0846157	0.0395703	0.099812	0.0569176	
279	0.127785	0.0924092	0.109425	0.0652732	0.0869385	0.0412294	0.10244	0.0592004	
